grams added,grams sum,reading (negative),,Zero reading (negative)
46,46,315472.71,,19950.86
146,192,339600.28,,
36,228,345911.71,,
94,322,362089.5,,
316,638,412900.62,,
71,709,425330.06,,
34,743,431353.37,,
30,773,436404.21,,
334,1107,491615.06,,
110,1217,509240.81,,
82,1299,522600.28,,
42,1341,529619.06,,
776,2117,650445.87,,
216,2333,686316.62,,
50,2383,694469.43,,
